istep   time        r=   1.0   1.5   2.0   2.5   3.0   3.5   4.0   4.5   5.0   5.5   6.0   6.5   7.0   7.5   8.0   8.5   9.0   9.5  10.0  10.5  11.0
 1       1.000          6.0   6.7   7.7   8.8  10.1  11.4  12.8  14.2  15.6  17.1  18.5  20.0  21.4  22.9  24.4  25.9  27.4  28.9  30.5  32.2  34.0
 2       2.000          9.0   9.0   9.5  10.3  11.3  12.4  13.6  14.9  16.3  17.6  19.0  20.5  21.9  23.4  24.8  26.4  27.9  29.5  31.2  33.1  35.0
 3       3.000         12.0  11.3  11.4  11.8  12.6  13.5  14.6  15.7  17.0  18.3  19.6  21.0  22.4  23.9  25.4  26.9  28.6  30.3  32.1  34.0  36.0
 4       4.000         15.0  13.7  13.3  13.5  13.9  14.7  15.6  16.6  17.7  19.0  20.3  21.6  23.0  24.5  26.0  27.6  29.3  31.0  32.9  34.9  37.0
 5       5.000         18.0  16.1  15.3  15.1  15.3  15.9  16.6  17.5  18.6  19.7  21.0  22.3  23.7  25.2  26.7  28.3  30.0  31.9  33.8  35.8  38.0
 6       6.000         21.0  18.6  17.3  16.8  16.8  17.1  17.7  18.5  19.5  20.6  21.8  23.0  24.4  25.9  27.5  29.1  30.8  32.7  34.7  36.8  39.0
 7       7.000         24.0  21.0  19.4  18.6  18.3  18.5  18.9  19.6  20.4  21.4  22.6  23.8  25.2  26.7  28.2  29.9  31.7  33.6  35.6  37.7  40.0
 8       8.000         27.0  23.5  21.5  20.4  19.9  19.8  20.1  20.7  21.5  22.4  23.5  24.7  26.0  27.5  29.1  30.8  32.6  34.5  36.5  38.7  41.0
 9       9.000         30.0  25.9  23.6  22.2  21.5  21.3  21.4  21.9  22.5  23.4  24.4  25.6  26.9  28.4  30.0  31.6  33.5  35.4  37.5  39.7  42.0
10      10.000         33.0  28.4  25.7  24.1  23.1  22.7  22.7  23.1  23.6  24.4  25.4  26.6  27.9  29.3  30.9  32.6  34.4  36.3  38.4  40.6  43.0
